 2.14901425,1.95852071
 2.19430656,2.45690896
 1.92975399,1.92975891
 2.47376384,2.23023042
 1.85915768,2.16276801
 1.86097469,1.86028107
 2.07258868,1.42601593
 1.48252465,1.83131374
 1.69615066,2.0942742
 1.72759278,1.57630889
 2.43969463,1.93226711
 2.02025846,1.57257554
 1.83668518,2.03327678
 1.65470193,2.11270941
 1.81980839,1.91249188
 1.81948802,2.55568346
 1.99595083,1.68268672
 2.24676347,1.63374691
 2.06265908,1.41209896
 1.60154419,2.05905837
 2.22153997,2.05141048
 1.96530552,1.90966889
 1.5564434, 1.78404674
 1.86180837,2.31713667
 2.10308549,1.47108795
 2.09722519,1.88447532
 1.7969234, 2.18350289
 2.30929986,2.27938404
 1.74823474,1.90723629
 2.09937903,2.29266354
 1.85624773,1.94430231
 1.66809951,1.64113801
 2.24375775,2.40687201
 1.97839696,2.30105987
 2.10849081,1.80646407
 2.10841868,2.46141097
 1.98925219,2.4693931
 1.21407647,2.24657075
 2.02611412,1.91029779
 2.02752823,1.40372933
 1.93409843,2.10713377
 2.44336821,1.84451893
 1.75745192,1.84947289
 2.27462064,2.09862533
 1.84107194,2.15398023
 2.02912326,2.2905935
 1.78938407,1.90170136
 1.88236755,1.56094552
 2.08883608,2.07831658
 2.00153404,1.92962386
 1.57538878,1.8738064
 1.89718565,1.75931682
 1.95161429,2.12121526
 2.56585577,2.05237334
 2.07726512,1.97766623
 1.42436864,1.99204584
 2.01806906,2.73897263
 1.94229171,2.0904642
 1.98958647,1.64939659
 2.34284684,2.22557991
 2.23730958,1.72718376
 2.42083829,1.57944468
 2.17605713,2.65713669
 1.7028391, 1.83011068
 2.02989541,1.8489573
 1.53480097,2.02056889
 1.68130889,2.14207773
 1.72417273,2.46498032
 1.76502401,1.90338155
 2.24405517,1.63074071
 2.06823798,2.39214283
 1.51775503,2.05539016
 2.07796484,2.23454686
 1.62891479,1.60386302
 2.15658247,2.0890954
 2.07514786,2.10393446
 1.79599258,2.06967611
 2.08792174,1.78569457
 2.55973235,2.14214988
 1.64260895,2.19696608
 1.7075955, 2.23612538
 2.34757867,1.7537953
 2.28901284,2.12383428
 2.24661805,2.56903789
 1.92638357,1.77387915
 1.73314567,1.75525691
 1.97686949,2.10234559
 2.08300724,2.24815497
 2.00390057,2.43606022
 1.92060295,2.81605075
 2.1877002, 1.74285273
 1.67873225,2.14474172
 1.93296116,2.21420015
 2.14197129,1.97815133
 1.74596188,1.54554583
 1.86604551,2.25691964
 2.06422812,1.62627837
 2.05195428,2.11559521
 1.73484277,2.04611753
 2.01746262,1.65710891
-1.85098575,-2.04147929
-1.80569344,-1.54309104
-2.07024601,-2.07024109
-1.52623616,-1.76976958
-2.14084232,-1.83723199
-2.13902531,-2.13971893
-1.92741132,-2.57398407
-2.51747535,-2.16868626
-2.30384934,-1.9057258
-2.27240722,-2.42369111
-1.56030537,-2.06773289
-1.97974154,-2.42742446
-2.16331482,-1.96672322
-2.34529807,-1.88729059
-2.18019161,-2.08750812
-2.18051198,-1.44431654
-2.00404917,-2.31731328
-1.75323653,-2.36625309
-1.93734092,-2.58790104
-2.39845581,-1.94094163
-1.77846003,-1.94858952
-2.03469448,-2.09033111
-2.4435566,-2.21595326
-2.13819163,-1.68286333
-1.89691451,-2.52891205
-1.90277481,-2.11552468
-2.2030766,-1.81649711
-1.69070014,-1.72061596
-2.25176526,-2.09276371
-1.90062097,-1.70733646
-2.14375227,-2.05569769
-2.33190049,-2.35886199
-1.75624225,-1.59312799
-2.02160304,-1.69894013
-1.89150919,-2.19353593
-1.89158132,-1.53858903
-2.01074781,-1.5306069
-2.78592353,-1.75342925
-1.97388588,-2.08970221
-1.97247177,-2.59627067
-2.06590157,-1.89286623
-1.55663179,-2.15548107
-2.24254808,-2.15052711
-1.72537936,-1.90137467
-2.15892806,-1.84601977
-1.97087674,-1.7094065
-2.21061593,-2.09829864
-2.11763245,-2.43905448
-1.91116392,-1.92168342
-1.99846596,-2.07037614
-2.42461122,-2.1261936
-2.10281435,-2.24068318
-2.04838571,-1.87878474
-1.43414423,-1.94762666
-1.92273488,-2.02233377
-2.57563136,-2.00795416
-1.98193094,-1.26102737
-2.05770829,-1.9095358
-2.01041353,-2.35060341
-1.65715316,-1.77442009
-1.76269042,-2.27281624
-1.57916171,-2.42055532
-1.82394287,-1.34286331
-2.2971609,-2.16988932
-1.97010459,-2.1510427
-2.46519903,-1.97943111
-2.31869111,-1.85792227
-2.27582727,-1.53501968
-2.23497599,-2.09661845
-1.75594483,-2.36925929
-1.93176202,-1.60785717
-2.48224497,-1.94460984
-1.92203516,-1.76545314
-2.37108521,-2.39613698
-1.84341753,-1.9109046
-1.92485214,-1.89606554
-2.20400742,-1.93032389
-1.91207826,-2.21430543
-1.44026765,-1.85785012
-2.35739105,-1.80303392
-2.2924045,-1.76387462
-1.65242133,-2.2462047
-1.71098716,-1.87616572
-1.75338195,-1.43096211
-2.07361643,-2.22612085
-2.26685433,-2.24474309
-2.02313051,-1.89765441
-1.91699276,-1.75184503
-1.99609943,-1.56393978
-2.07939705,-1.18394925
-1.8122998,-2.25714727
-2.32126775,-1.85525828
-2.06703884,-1.78579985
-1.85802871,-2.02184867
-2.25403812,-2.45445417
-2.13395449,-1.74308036
-1.93577188,-2.37372163
-1.94804572,-1.88440479
-2.26515723,-1.95388247
-1.98253738,-2.34289109
 3.01898458,1.92614894
 1.57612593,1.61987267
-1.12407079,-1.65126525
 2.47488924,2.48090716
 2.93657855,3.30592442
 0.09073919,0.01213036
 2.38636143,1.19971145
 1.61573502,2.36634136
 3.12004273,-1.29603875
-0.99533638,-3.24814448
 0.62624113,-3.71246181
-0.27521585,0.34115708
-1.70766998,0.72666608
-3.755998,-3.70121449
 2.58080449,-1.11847487
-2.9835159, 0.17794608
 2.15994842,-2.27343178
 0.98312381,-3.31722028
-3.58654623,0.25083705
 0.32508097,1.09943921
