0.99994411
1.14405944
0.97422441
1.29043229
0.96406015
0.967451
1.16897405
1.17786476
1.01083896
1.14511932
1.21255557
1.05066867
0.96961357
1.02846721
0.96108146
1.30563699
1.01782283
1.09341031
1.20053
1.048392
1.04273309
0.96537973
1.12978593
1.04714221
1.1241528
0.97795087
0.97358493
1.13261793
0.98280096
1.02069094
0.95891097
1.1491003
1.11886905
0.99855726
0.99357848
1.13283666
1.1460512
1.87981613
0.95747372
1.2240096
0.9432555
1.25135605
1.00309851
1.10715506
0.97725017
0.99886729
0.97739557
1.09329811
0.99310409
0.96318902
1.08969429
0.97382438
0.94892287
1.42556212
0.96379941
1.27724298
1.46492263
0.94595752
1.04083691
1.1733885
1.06562769
1.29284358
1.32423841
1.06358314
0.96642636
1.08777278
1.03217634
1.24655122
0.97201908
1.09366836
1.10173896
1.12032974
0.98536222
1.23121125
1.00976101
0.98561163
0.97602593
0.99192456
1.41236662
1.06452504
1.05713189
1.2136666
1.10038859
1.22864255
0.97030484
1.07896525
0.94700683
0.99410424
1.13412412
1.66221208
1.04824088
1.03360571
0.95298364
0.99688803
1.12097791
0.98898182
1.04674539
0.96908553
1.00774413
1.04236997
0.99929637
1.1484896
0.97212675
1.33350226
0.96943838
0.96802782
1.1805622
1.19791797
1.01529652
1.15267042
1.21377588
1.05831363
0.97110275
1.02631261
0.96154064
1.33940307
1.01699286
1.10239122
1.19346895
1.05737435
1.04877531
0.96442079
1.15370196
1.04909785
1.13388154
0.97715087
0.97998371
1.13218473
0.98956357
1.0266486
0.95728791
1.16047442
1.13703189
0.99496821
0.99185635
1.14488661
1.15337634
1.93321727
0.95681998
1.19901531
0.94185764
1.25129859
1.01278495
1.11041713
0.9840512
0.99559016
0.97848957
1.1047896
0.99220254
0.96275604
1.09594137
0.97642952
0.9472918
1.4630011
0.963528
1.28600243
1.48850217
0.94456349
1.04606649
1.161065
1.06819373
1.29744066
1.37737915
1.06447487
0.96507061
1.09900693
1.02870987
1.27566788
0.97400916
1.10264963
1.1115921
1.13262118
0.98258158
1.2515635
1.00945605
0.98441776
0.98095197
0.99020516
1.45102246
1.079111
1.06523549
1.21664049
1.10447627
1.26026277
0.97029882
1.08183888
0.94565067
0.99915349
1.14199636
1.69275528
1.04600992
1.03079579
0.95042247
0.99624963
1.15334842
0.99423553
1.05218301
0.96807723
1.01245463
1.04780755
2.34464971
1.2615727
2.07471657
1.36068756
3.41600941
5.79017284
1.75216951
1.22569556
8.1179078
3.93211812
6.8671737
5.60730006
5.28475732
6.61647574
7.06687309
5.75753448
6.284507
6.35571743
6.88230317
4.8455449